T	x(Al)	x(Zn)	phase_name	f(@FCC_A1#1)	f(@FCC_A1#2)	f(@HCP_A3)	f(@Liquid)	G	H	S
K	mole/mole	mole/mole								
933.5979825	0.999995714	4.285979656E-06	Liquid+FCC_A1	0			1	-37876.24655	28844.36547	71.46610561
933.5959542	0.9999912734	8.726619117E-06	Liquid+FCC_A1	0			1	-37876.5501	28844.32909	71.46654706
933.5797276	0.999955748	4.425197239E-05	Liquid+FCC_A1	0			1	-37878.6101	28844.03806	71.46968404
933.5148299	0.9998136427	0.0001863572881	Liquid+FCC_A1	0			1	-37885.21021	28842.87409	71.48047589
933.3850763	0.9995294129	0.0004705870671	Liquid+FCC_A1	0			1	-37896.01524	28840.54681	71.49949549
932.8666188	0.9983922393	0.001607760728	Liquid+FCC_A1	0			1	-37929.27781	28831.24689	71.56491974
928.7509477	0.9892803044	0.01071969562	Liquid+FCC_A1	0			1	-38074.76416	28757.36311	71.95914839
926.7143699	0.9847147758	0.01528522422	Liquid+FCC_A1	0			1	-38118.21279	28720.75502	72.12466968
925.7013745	0.9824296528	0.01757034718	Liquid+FCC_A1	0			1	-38135.96063	28702.53172	72.20308211
925.1961975	0.9812865056	0.01871349439	Liquid+FCC_A1	0			1	-38144.0118	28693.43991	72.24138177
924.9439388	0.9807147861	0.01928521393	Liquid+FCC_A1	0			1	-38147.84795	28688.89893	72.26032202
924.817892	0.9804288898	0.01957111016	Liquid+FCC_A1	0			1	-38149.72047	28686.62966	72.26974165
924.6289248	0.98	0.02	Liquid+FCC_A1	0			1	-38152.47367	28683.22729	72.2838094
924.4400807	0.9795710558	0.02042894419	Liquid+FCC_A1	0			1	-38155.16152	28679.82673	72.29780453
924.3142535	0.9792850627	0.02071493732	Liquid+FCC_A1	0			1	-38156.91789	28677.56071	72.30709507
924.0627635	0.9787130039	0.02128699612	Liquid+FCC_A1	0			1	-38160.34724	28673.0311	72.32558326
923.5604419	0.9775685966	0.02243140342	Liquid+FCC_A1	0			1	-38166.88377	28663.98151	72.36219986
922.5584286	0.9752786271	0.0247213729	Liquid+FCC_A1	0			1	-38178.75036	28645.92061	72.43407994
920.5648998	0.9706940998	0.02930590024	Liquid+FCC_A1	0			1	-38198.21026	28609.94914	72.57300318
916.6196538	0.9615069409	0.03849305913	Liquid+FCC_A1	0			1	-38223.30059	28538.58598	72.83488445
908.8949203	0.9430621831	0.05693781691	Liquid+FCC_A1	0			1	-38234.29584	28398.00646	73.31133755
901.3882956	0.9245274096	0.07547259045	Liquid+FCC_A1	0			1	-38210.57859	28259.96389	73.74240691
894.0960073	0.9059070947	0.09409290526	Liquid+FCC_A1	0			1	-38164.105	28124.06884	74.13988352
887.0140093	0.8872056257	0.1127943743	Liquid+FCC_A1	0			1	-38102.04513	27989.93414	74.51063746
880.137969	0.8684273014	0.1315726986	Liquid+FCC_A1	0			1	-38029.16681	27857.1746	74.85910588
873.463253	0.8495763328	0.1504236672	Liquid+FCC_A1	0			1	-37948.8456	27725.4066	75.18834017
866.9849113	0.8306568426	0.1693431574	Liquid+FCC_A1	0			1	-37863.56825	27594.24753	75.50052478
860.6976568	0.8116728669	0.1883271331	Liquid+FCC_A1	0			1	-37775.21196	27463.31504	75.7972634
854.5958435	0.7926283566	0.2073716434	Liquid+FCC_A1	0			1	-37685.21151	27332.22617	76.07974947
848.6734389	0.7735271802	0.2264728198	Liquid+FCC_A1	0			1	-37594.66486	27200.59628	76.34887363
842.9239929	0.7543731278	0.2456268722	Liquid+FCC_A1	0			1	-37504.40263	27068.03786	76.60529423
837.3406013	0.7351699156	0.2648300844	Liquid+FCC_A1	0			1	-37415.03509	26934.15908	76.84948522
831.9158644	0.7159211924	0.2840788076	Liquid+FCC_A1	0			1	-37326.98447	26798.56225	77.08176928
826.6418397	0.6966305469	0.3033694531	Liquid+FCC_A1	0			1	-37240.50733	26660.84203	77.30234099
821.5099885	0.6773015167	0.3226984833	Liquid+FCC_A1	0			1	-37155.70983	26520.5835	77.51128315
816.5111176	0.6579375996	0.3420624004	Liquid+FCC_A1	0			1	-37072.55788	26377.36003	77.70857805
811.6353128	0.6385422662	0.3614577338	Liquid+FCC_A1	0			1	-36990.88343	26230.73097	77.89411499
806.8718729	0.6191189751	0.3808810249	Liquid+FCC_A1	0			1	-36910.38815	26080.2393	78.06769522
802.2092269	0.599671193	0.400328807	Liquid+FCC_A1	0			1	-36830.64407	25925.40891	78.22903411
797.6348583	0.5802024159	0.4197975841	Liquid+FCC_A1	0			1	-36751.09319	25765.742	78.37776213
793.1352191	0.5607161968	0.4392838032	Liquid+FCC_A1	0			1	-36671.04545	25600.71631	78.51342401
788.6956434	0.5412161781	0.4587838219	Liquid+FCC_A1	0			1	-36589.67563	25429.78239	78.63547686
784.3002606	0.5217061307	0.4782938693	Liquid+FCC_A1	0			1	-36506.0198	25252.36087	78.7432872
779.9319119	0.5021900003	0.4978099997	Liquid+FCC_A1	0			1	-36418.97152	25067.84009	78.83612745
775.5720758	0.4826719626	0.5173280374	Liquid+FCC_A1	0			1	-36327.27849	24875.57396	78.9131718
771.200811	0.4631564865	0.5368435135	Liquid+FCC_A1	0			1	-36229.54053	24674.88064	78.97349211
766.7967292	0.4436484048	0.5563515952	Liquid+FCC_A1	0			1	-36124.20982	24465.04226	79.01605441
762.3370179	0.4241529905	0.5758470095	Liquid+FCC_A1	0			1	-36009.59547	24245.30637	79.03971658
757.7975455	0.4046760309	0.5953239691	Liquid+FCC_A1	0			1	-35883.8748	24014.89015	79.04322904
753.1530925	0.3852238872	0.6147761128	Liquid+FCC_A1	0			1	-35745.11527	23772.98854	79.02523989
748.377771	0.3658035197	0.6341964803	Liquid+FCC_A1	0			1	-35591.31199	23518.78817	78.98430772
743.445694	0.346422448	0.653577552	Liquid+FCC_A1	0			1	-35420.44592	23251.48865	78.91892446
738.3318992	0.3270886234	0.6729113766	Liquid+FCC_A1	0			1	-35230.56291	22970.33111	78.82754908
733.0133253	0.3078102373	0.6921897627	Liquid+FCC_A1	0			1	-35019.85654	22674.62769	78.70864314
727.4691638	0.2885956395	0.7114043605	Liquid+FCC_A1	0			1	-34786.6991	22363.77233	78.56067896
721.6794761	0.2694537368	0.7305462632	Liquid+FCC_A1	0			1	-34529.52984	22037.20188	78.38207071
715.6213706	0.2503952499	0.7496047501	Liquid+FCC_A1	0			1	-34246.5447	21694.29028	78.17099554
709.2639807	0.231434693	0.768565307	Liquid+FCC_A1	0			1	-33935.29175	21334.21478	77.92515627
702.5647007	0.2125924574	0.7874075426	Liquid+FCC_A1	0			1	-33592.37586	20955.86656	77.64159282
695.4677644	0.1938966634	0.8061033366	Liquid+FCC_A1	0			1	-33213.36143	20557.83634	77.31659254
687.9042912	0.1753850616	0.8246149384	Liquid+FCC_A1	0			1	-32792.80096	20138.7207	76.94605535
679.7931438	0.1571072707	0.8428927293	Liquid+FCC_A1	0			1	-32324.33076	19697.80672	76.52642272
671.0412587	0.1391280815	0.8608719185	Liquid+FCC_A1	0			1	-31800.73513	19233.59404	76.05244611
661.543929	0.1215320525	0.8784679475	Liquid+FCC_A1	0			1	-31214.02978	18744.5718	75.5181922
656.4805977	0.1129116478	0.8870883522	Liquid+FCC_A1	0			1	-30894.37822	18490.36896	75.22651447
655.8318488	0.1118435735	0.8881564265	Liquid+FCC_A1	0			1	-30853.10943	18458.12994	75.18884523
655.5061185	0.111310364	0.888689636	Liquid+FCC_A1	0			1	-30832.36304	18441.97149	75.16990786
655.3429129	0.1110439678	0.8889560322	Liquid+FCC_A1	0			1	-30821.96174	18433.88252	75.16041341
655.2612248	0.1109108222	0.8890891778	Liquid+FCC_A1	0			1	-30816.75405	18429.83559	75.15565973
655.2203593	0.1108442626	0.8891557374	Liquid+FCC_A1	0			1	-30814.14844	18427.81152	75.15328127
655.1999213	0.110810986	0.889189014	Liquid+FCC_A1	0			1	-30812.84519	18426.79933	75.15209164
655.1948112	0.1108026672	0.8891973328	Liquid+FCC_A1	0			1	-30812.51934	18426.54627	75.15179419
655.1922561	0.1107985079	0.8892014921	Liquid+FCC_A1	0			1	-30812.3564	18426.41974	75.15164546
										
655.1917296	0.1107976505	0.8892023495	Liquid+HCP_A3			0	1	-30812.32283	18426.39366	75.15161481
655.2770179	0.1104970384	0.8895029616	Liquid+HCP_A3			0	1	-30820.83285	18425.39576	75.15329741
655.3623872	0.1101964494	0.8898035506	Liquid+HCP_A3			0	1	-30829.34545	18424.39864	75.1549754
655.5333695	0.1095953408	0.8904046592	Liquid+HCP_A3			0	1	-30846.3784	18422.40676	75.15831757
655.8763082	0.1083934017	0.8916065983	Liquid+HCP_A3			0	1	-30880.47484	18418.43251	75.16494608
656.5660809	0.1059906405	0.8940093595	Liquid+HCP_A3			0	1	-30948.78684	18410.52219	75.17797594
657.9611958	0.1011896239	0.8988103761	Liquid+HCP_A3			0	1	-31085.86162	18394.85631	75.20309442
660.8135884	0.09160590983	0.9083940902	Liquid+HCP_A3			0	1	-31361.58884	18364.15853	75.24928094
666.7656853	0.07251398346	0.9274860165	Liquid+HCP_A3			0	1	-31917.15894	18305.4113	75.32266784
673.0438017	0.05352697773	0.9464730223	Liquid+HCP_A3			0	1	-32472.46093	18250.39107	75.36337438
679.6421342	0.03464908357	0.9653509164	Liquid+HCP_A3			0	1	-33016.31114	18199.30708	75.35674385
686.5535249	0.01588376726	0.9841162327	Liquid+HCP_A3			0	1	-33524.71166	18152.34671	75.27025424
690.1240476	0.006544288786	0.9934557112	Liquid+HCP_A3			0	1	-33744.1899	18130.46742	75.16714931
691.9375403	0.001885462395	0.9981145376	Liquid+HCP_A3			0	1	-33829.13235	18119.9371	75.0776861
692.3938302	0.0007218976709	0.9992781023	Liquid+HCP_A3			0	1	-33842.85168	18117.3476	75.04428407
692.6224112	0.0001402868167	0.9998597132	Liquid+HCP_A3			0	1	-33845.85189	18116.05933	75.02198945
692.6510043	6.759350336E-05	0.9999324065	Liquid+HCP_A3			0	1	-33845.66108	18115.89861	75.01838497
692.6653025	3.12475169E-05	0.9999687525	Liquid+HCP_A3			0	1	-33845.40965	18115.81827	75.01635743
692.672452	1.307469167E-05	0.9999869253	Liquid+HCP_A3			0	1	-33845.19938	18115.7781	75.01522159
692.6760269	3.988319458E-06	0.9999960117	Liquid+HCP_A3			0	1	-33845.04312	18115.75802	75.01457987
										
655.1917296	0.1107976505	0.8892023495	Liquid+FCC_A1+HCP_A3	0		0	1	-30812.32283	18426.39366	75.15161481
655.1917296	0.1103289005	0.8896710995	Liquid+FCC_A1+HCP_A3	0		0.005445256856	0.9945547431	-30815.60073	18381.45296	75.0880261
655.1917296	0.1100164005	0.8899835995	Liquid+FCC_A1+HCP_A3	0		0.009075425392	0.9909245746	-30817.786	18351.49251	75.04563365
655.1917296	0.1093914005	0.8906085995	Liquid+FCC_A1+HCP_A3	0		0.01633576246	0.9836642375	-30822.15653	18291.57161	74.96084875
655.1917296	0.1081414005	0.8918585995	Liquid+FCC_A1+HCP_A3	0		0.03085643659	0.9691435634	-30830.8976	18171.72982	74.79127896
655.1917296	0.1056414005	0.8943585995	Liquid+FCC_A1+HCP_A3	0		0.05989778489	0.9401022151	-30848.37973	17932.04624	74.45213938
655.1917295	0.1006414005	0.8993585995	Liquid+FCC_A1+HCP_A3	0		0.1179804814	0.8820195186	-30883.344	17452.67908	73.77386022
655.1917296	0.09064140048	0.9093585995	Liquid+FCC_A1+HCP_A3	0		0.2341458746	0.7658541254	-30953.27253	16493.94474	72.4173019
655.1917296	0.07064140048	0.9293585995	Liquid+FCC_A1+HCP_A3	0		0.4664766608	0.5335233392	-31093.12961	14576.47608	69.70418525
655.1917296	0.05064140048	0.9493585995	Liquid+FCC_A1+HCP_A3	0		0.698807447	0.301192553	-31232.98668	12659.00742	66.99106861
655.1917296	0.03064140048	0.9693585995	Liquid+FCC_A1+HCP_A3	0		0.9311382334	0.06886176656	-31372.84375	10741.53876	64.27795196
655.1917295	0.02564140048	0.9743585995	Liquid+FCC_A1+HCP_A3	0		0.9892209299	0.01077907008	-31407.80802	10262.1716	63.5996728
655.1917296	0.02501640048	0.9749835995	Liquid+FCC_A1+HCP_A3	0		0.996481267	0.003518733001	-31412.17855	10202.2507	63.5148879
655.1917296	0.02486015048	0.9751398495	Liquid+FCC_A1+HCP_A3	0		0.9982963513	0.00170364873	-31413.27119	10187.27048	63.49369168
655.1917296	0.02478202548	0.9752179745	Liquid+FCC_A1+HCP_A3	0		0.9992038934	0.0007961065962	-31413.8175	10179.78037	63.48309356
655.1917296	0.02474296298	0.975257037	Liquid+FCC_A1+HCP_A3	0		0.9996576645	0.0003423355291	-31414.09066	10176.03531	63.47779451
655.1917296	0.02472343173	0.9752765683	Liquid+FCC_A1+HCP_A3	0		0.99988455	0.0001154499955	-31414.22724	10174.16278	63.47514498
655.1917296	0.02471366611	0.9752863339	Liquid+FCC_A1+HCP_A3	0		0.9999979928	2.007228771E-06	-31414.29553	10173.22652	63.47382022
										
655.1917296	0.02471349331	0.9752865067	Liquid+HCP_A3			1	0	-31414.29674	10173.20995	63.47379678
655.5941665	0.0244738123	0.9755261877	Liquid+HCP_A3			1	0	-31441.51313	10180.35457	63.48724535
655.8622787	0.0243137241	0.9756862759	Liquid+HCP_A3			1	0	-31459.64375	10185.10696	63.49618214
656.3980777	0.02399283473	0.9760071653	Liquid+HCP_A3			1	0	-31495.87213	10194.58634	63.51398623
657.4679995	0.02334825979	0.9766517402	Liquid+HCP_A3			1	0	-31568.1965	10213.44524	63.54931612
659.6013355	0.02204834805	0.9779516519	Liquid+HCP_A3			1	0	-31712.30737	10250.77651	63.61885829
663.8435053	0.01940865391	0.9805913461	Liquid+HCP_A3			1	0	-31998.2975	10323.99163	63.75341295
672.2410884	0.01399205999	0.98600794	Liquid+HCP_A3			1	0	-32560.403	10465.34048	64.00344196
688.7654753	0.002749362187	0.9972506378	Liquid+HCP_A3			1	0	-33624.46235	10732.33372	64.40043477
690.8111525	0.001315196515	0.9986848035	Liquid+HCP_A3			1	0	-33745.37734	10764.56311	64.43141557
691.8326315	0.0005961744938	0.9994038255	Liquid+HCP_A3			1	0	-33802.59722	10780.59924	64.4421706
692.3430431	0.0002361971615	0.9997638028	Liquid+HCP_A3			1	0	-33829.43632	10788.59834	64.44498159
692.5981684	5.609416343E-05	0.9999439058	Liquid+HCP_A3			1	0	-33841.72085	10792.59324	64.44474751
692.6619415	1.105661337E-05	0.9999889434	Liquid+HCP_A3			1	0	-33844.40522	10793.59148	64.44413072
692.6699128	5.426587497E-06	0.9999945734	Liquid+HCP_A3			1	0	-33844.69738	10793.71625	64.443991
692.6738985	2.611548027E-06	0.9999973885	Liquid+HCP_A3			1	0	-33844.8318	10793.77863	64.4439043
										
655.1917296	0.02471349331	0.9752865067	FCC_A1+HCP_A3	0		1		-31414.29674	10173.20995	63.47379678
654.880839	0.02468503414	0.9753149659	FCC_A1+HCP_A3	0		1		-31394.76459	10163.58855	63.45941224
654.5699482	0.02465657811	0.9753434219	FCC_A1+HCP_A3	0		1		-31375.23687	10153.96845	63.44502285
653.9481657	0.02459967559	0.9754003244	FCC_A1+HCP_A3	0		1		-31336.19476	10134.73218	63.41622948
652.7045971	0.02448590915	0.9755140909	FCC_A1+HCP_A3	0		1		-31258.16385	10096.27534	63.35858422
650.2174456	0.02425853458	0.9757414654	FCC_A1+HCP_A3	0		1		-31102.31557	10019.4244	63.24305854
645.2430819	0.02380445013	0.9761955499	FCC_A1+HCP_A3	0		1		-30791.47552	9865.973281	63.01105728
635.2940897	0.02289919319	0.9771008068	FCC_A1+HCP_A3	0		1		-30173.24045	9560.072231	62.54318011
615.3948645	0.02110239529	0.9788976047	FCC_A1+HCP_A3	0		1		-28950.70833	8952.261251	61.59129977
595.4936459	0.01932785657	0.9806721434	FCC_A1+HCP_A3	0		1		-27747.07814	8349.747128	60.61664219
575.5900553	0.01758017873	0.9824198213	FCC_A1+HCP_A3	0		1		-26562.7621	7752.498677	59.61753589
555.6838108	0.01586305436	0.9841369456	FCC_A1+HCP_A3	0		1		-25398.21906	7160.470434	58.59211455
553.1953391	0.0156506457	0.9843493543	FCC_A1+HCP_A3	0		1		-25254.06701	7086.830007	58.46198393
551.9510877	0.01554462386	0.9844553761	FCC_A1+HCP_A3	0		1		-25182.1103	7050.039741	58.39675066
551.3289582	0.01549165798	0.984508342	FCC_A1+HCP_A3	0		1		-25146.16184	7031.652073	58.36409178
551.0178924	0.01546518624	0.9845348138	FCC_A1+HCP_A3	0		1		-25128.1951	7022.460104	58.34775175
550.8623594	0.01545195316	0.9845480468	FCC_A1+HCP_A3	0		1		-25119.21359	7017.864584	58.33957908
550.7845927	0.01544533731	0.9845546627	FCC_A1+HCP_A3	0		1		-25114.72331	7015.56694	58.33549208
550.7457094	0.01544202957	0.9845579704	FCC_A1+HCP_A3	0		1		-25112.47829	7014.418147	58.33344842
550.7262678	0.01544037573	0.9845596243	FCC_A1+HCP_A3	0		1		-25111.3558	7013.843759	58.33242655
550.7214074	0.01543996228	0.9845600377	FCC_A1+HCP_A3	0		1		-25111.07518	7013.700162	58.33217107
										
550.7211448	0.01543993994	0.9845600601	HCP_A3+FCC_A1	0		1		-25111.06003	7013.692406	58.33215727
550.2562716	0.01538348591	0.9846165141	HCP_A3+FCC_A1	0		1		-25084.34479	6999.629352	58.30733023
549.9463504	0.01534589789	0.9846541021	HCP_A3+FCC_A1	0		1		-25066.54022	6990.256109	58.29077019
549.3264938	0.0152708381	0.9847291619	HCP_A3+FCC_A1	0		1		-25030.94448	6971.514743	58.25762927
548.0867237	0.01512118957	0.9848788104	HCP_A3+FCC_A1	0		1		-24959.80661	6934.052585	58.19126393
545.6069521	0.01482382147	0.9851761785	HCP_A3+FCC_A1	0		1		-24817.74532	6859.211271	58.05819825
540.6464538	0.01423711939	0.9857628806	HCP_A3+FCC_A1	0		1		-24534.48104	6709.865633	57.79071786
530.7214869	0.01309785526	0.9869021447	HCP_A3+FCC_A1	0		1		-23971.39964	6412.553933	57.25027971
510.8552355	0.01096658197	0.989033418	HCP_A3+FCC_A1	0		1		-22859.23314	5823.619672	56.1467336
490.9678194	0.009043233845	0.9909567662	HCP_A3+FCC_A1	0		1		-21766.30065	5242.463144	55.01127106
471.0609327	0.007333585418	0.9926664146	HCP_A3+FCC_A1	0		1		-20693.44719	4669.178674	53.84149716
451.1369061	0.005837310884	0.9941626891	HCP_A3+FCC_A1	0		1		-19641.6465	4103.751229	52.63457148
431.1983434	0.004549589507	0.9954504105	HCP_A3+FCC_A1	0		1		-18611.97172	3546.076582	51.38713689
411.2478916	0.003461915227	0.9965380848	HCP_A3+FCC_A1	0		1		-17605.58337	2995.970629	50.09522097
391.2880812	0.002562592241	0.9974374078	HCP_A3+FCC_A1	0		1		-16623.72727	2453.175056	48.75411044
371.3212103	0.001837115738	0.9981628843	HCP_A3+FCC_A1	0		1		-15667.73954	1917.362427	47.35819415
351.3492656	0.00126854609	0.9987314539	HCP_A3+FCC_A1	0		1		-14739.05838	1388.142417	45.90076706
331.3738769	0.0008379495685	0.9991620504	HCP_A3+FCC_A1	0		1		-13839.24245	865.0704216	44.37378411
311.3963036	0.0005249600308	0.99947504	HCP_A3+FCC_A1	0		1		-12969.99681	347.6595023	42.76754785
291.4174539	0.0003084973963	0.9996915026	HCP_A3+FCC_A1	0		1		-12133.20768	-164.6037823	41.07030562
271.4379293	0.0001676504037	0.9998323496	HCP_A3+FCC_A1	0		1		-11330.98788	-672.2396962	39.26771843
251.4580896	8.268648182E-05	0.9999173135	HCP_A3+FCC_A1	0		1		-10565.73604	-1175.752796	37.34214021
241.4681164	5.557400117E-05	0.999944426	HCP_A3+FCC_A1	0		1		-10197.81943	-1426.110919	36.32657034
231.4781253	3.609018235E-05	0.9999639098	HCP_A3+FCC_A1	0		1		-9840.21408	-1675.608788	35.27160625
221.4881245	2.254058793E-05	0.9999774594	HCP_A3+FCC_A1	0		1		-9493.338846	-1924.295243	34.1735866
211.4981186	1.346474795E-05	0.9999865353	HCP_A3+FCC_A1	0		1		-9157.65009	-2172.214555	33.0283578
201.5081103	7.642076031E-06	0.9999923579	HCP_A3+FCC_A1	0		1		-8833.647195	-2419.406273	31.83117996
191.5181009	4.088172542E-06	0.9999959118	HCP_A3+FCC_A1	0		1		-8521.879165	-2665.905264	30.57660802
181.5280911	2.041328185E-06	0.9999979587	HCP_A3+FCC_A1	0		1		-8222.952572	-2911.741966	29.25833998
171.5380812	9.400182589E-07	0.99999906	HCP_A3+FCC_A1	0		1		-7937.541237	-3156.942815	27.8690212
161.5482271	1E-50	1	HCP_A3+FCC_A1	0		1.000000363		-7666.405037	-3401.528254	26.4000222
151.5603872	1E-50	1	HCP_A3+FCC_A1	0		1.000000066		-7410.428529	-3645.469796	24.84131112
131.5803672	1.30176816E-08	0.999999987	HCP_A3+FCC_A1	0		1		-6947.685457	-4131.754586	21.40084369
111.6003493	1E-50	1	HCP_A3+FCC_A1	0		1		-6558.894614	-4615.872859	17.4105347
91.65890216	1E-50	1	HCP_A3+FCC_A1	0		1		-6257.536768	-5097.018987	12.66126643
71.67888216	1E-50	1	HCP_A3+FCC_A1	0		1		-6061.211349	-5577.175406	6.752838889
51.69886242	1E-50	1	HCP_A3+FCC_A1	0		1		-6000.234526	-6055.530575	-1.069579618
31.71884267	1E-50	1	HCP_A3+FCC_A1	0		1		-6128.646773	-6532.205576	-12.72299898
11.73882293	1E-50	1	HCP_A3+FCC_A1	0		1		-6580.567886	-7007.321495	-36.35403747
6.743817992	1E-50	1	HCP_A3+FCC_A1	0		1		-6791.994422	-7125.871073	-49.50855017
4.246315524	1E-50	1	HCP_A3+FCC_A1	0		1		-6928.292025	-7185.112772	-60.48084408
1.748813056	1E-50	1	HCP_A3+FCC_A1	0		1		-7101.777725	-7244.332809	-81.51533595
1.124437439	1E-50	1	HCP_A3+FCC_A1	0		1		-7155.702649	-7259.134538	-91.98545468
1.046390487	1E-50	1	HCP_A3+FCC_A1	0		1		-7162.947556	-7260.984671	-93.69075446
1.007367011	1E-50	1	HCP_A3+FCC_A1	0		1		-7166.621149	-7261.90973	-94.59172332
1.002489076	1E-50	1	HCP_A3+FCC_A1	0		1		-7167.08284	-7262.025363	-94.70679059
										
550.7211448	0.01543993994	0.9845600601	FCC_A1+HCP_A3+FCC_A1	0	0	1		-25111.06003	7013.692406	58.33215727
550.7211448	0.01590868994	0.9840913101	FCC_A1+HCP_A3+FCC_A1	0	0.0005584156322	0.9994415844		-25107.77043	7014.308425	58.32730259
550.7211448	0.01622118994	0.9837788101	FCC_A1+HCP_A3+FCC_A1	0	0.0009306927241	0.9990693073		-25105.57737	7014.719105	58.32406613
550.7211448	0.01684618994	0.9831538101	FCC_A1+HCP_A3+FCC_A1	0	0.001675246907	0.9983247531		-25101.19124	7015.540464	58.31759322
550.7211448	0.01809618994	0.9819038101	FCC_A1+HCP_A3+FCC_A1	0	0.003164355276	0.9968356447		-25092.41898	7017.183183	58.3046474
550.7211448	0.02059618994	0.9794038101	FCC_A1+HCP_A3+FCC_A1	0	0.006142572012	0.993857428		-25074.87446	7020.46862	58.27875575
550.7211448	0.02559618994	0.9744038101	FCC_A1+HCP_A3+FCC_A1	0	0.01209900548	0.9879009945		-25039.78543	7027.039493	58.22697244
550.7211448	0.03559618994	0.9644038101	FCC_A1+HCP_A3+FCC_A1	0	0.02401187242	0.9759881276		-24969.60737	7040.181241	58.12340585
550.7211448	0.05559618994	0.9444038101	FCC_A1+HCP_A3+FCC_A1	0	0.04783760631	0.9521623937		-24829.25124	7066.464737	57.91627265
550.7211449	0.07559618994	0.9244038101	FCC_A1+HCP_A3+FCC_A1	0	0.07166334019	0.9283366598		-24688.89511	7092.748234	57.70913945
550.7211448	0.09559618994	0.9044038101	FCC_A1+HCP_A3+FCC_A1	0	0.09548907409	0.9045109259		-24548.53898	7119.031727	57.50200625
550.7211449	0.1155961899	0.8844038101	FCC_A1+HCP_A3+FCC_A1	0	0.119314808	0.880685192		-24408.18286	7145.315225	57.29487305
550.7211449	0.1355961899	0.8644038101	FCC_A1+HCP_A3+FCC_A1	0	0.1431405419	0.8568594581		-24267.82673	7171.598719	57.08773985
550.7211449	0.1555961899	0.8444038101	FCC_A1+HCP_A3+FCC_A1	0	0.1669662757	0.8330337243		-24127.4706	7197.882215	56.88060665
550.7211449	0.1755961899	0.8244038101	FCC_A1+HCP_A3+FCC_A1	0	0.1907920096	0.8092079904		-23987.11447	7224.16571	56.67347345
550.7211448	0.1955961899	0.8044038101	FCC_A1+HCP_A3+FCC_A1	0	0.2146177435	0.7853822565		-23846.75834	7250.449202	56.46634025
550.7211448	0.2155961899	0.7844038101	FCC_A1+HCP_A3+FCC_A1	0	0.2384434774	0.7615565226		-23706.40221	7276.732699	56.25920705
550.7211448	0.2355961899	0.7644038101	FCC_A1+HCP_A3+FCC_A1	0	0.2622692112	0.7377307888		-23566.04608	7303.016192	56.05207385
550.7211449	0.2555961899	0.7444038101	FCC_A1+HCP_A3+FCC_A1	0	0.2860949452	0.7139050548		-23425.68996	7329.299693	55.84494066
550.7211448	0.2755961899	0.7244038101	FCC_A1+HCP_A3+FCC_A1	0	0.309920679	0.690079321		-23285.33383	7355.583185	55.63780745
550.7211448	0.2955961899	0.7044038101	FCC_A1+HCP_A3+FCC_A1	0	0.3337464129	0.6662535871		-23144.9777	7381.866678	55.43067425
550.7211448	0.3155961899	0.6844038101	FCC_A1+HCP_A3+FCC_A1	0	0.3575721468	0.6424278532		-23004.62157	7408.150176	55.22354105
550.7211447	0.3355961899	0.6644038101	FCC_A1+HCP_A3+FCC_A1	0	0.3813978806	0.6186021194		-22864.26544	7434.433668	55.01640785
550.7211448	0.3555961899	0.6444038101	FCC_A1+HCP_A3+FCC_A1	0	0.4052236145	0.5947763855		-22723.90931	7460.717165	54.80927465
550.7211449	0.3755961899	0.6244038101	FCC_A1+HCP_A3+FCC_A1	0	0.4290493485	0.5709506515		-22583.55319	7487.000664	54.60214146
550.7211448	0.3955961899	0.6044038101	FCC_A1+HCP_A3+FCC_A1	0	0.4528750824	0.5471249176		-22443.19706	7513.284157	54.39500826
550.7211448	0.4155961899	0.5844038101	FCC_A1+HCP_A3+FCC_A1	0	0.4767008162	0.5232991838		-22302.84093	7539.567651	54.18787505
550.7211448	0.4355961899	0.5644038101	FCC_A1+HCP_A3+FCC_A1	0	0.5005265501	0.4994734499		-22162.48481	7565.851148	53.98074186
550.7211448	0.4555961899	0.5444038101	FCC_A1+HCP_A3+FCC_A1	0	0.524352284	0.475647716		-22022.12868	7592.134644	53.77360866
550.7211449	0.4755961899	0.5244038101	FCC_A1+HCP_A3+FCC_A1	0	0.5481780179	0.4518219821		-21881.77255	7618.41814	53.56647546
550.7211448	0.4955961899	0.5044038101	FCC_A1+HCP_A3+FCC_A1	0	0.5720037518	0.4279962482		-21741.41642	7644.701634	53.35934226
550.7211448	0.5155961899	0.4844038101	FCC_A1+HCP_A3+FCC_A1	0	0.5958294857	0.4041705143		-21601.06029	7670.98513	53.15220906
550.7211449	0.5355961899	0.4644038101	FCC_A1+HCP_A3+FCC_A1	0	0.6196552197	0.3803447803		-21460.70417	7697.268627	52.94507586
550.7211448	0.5555961899	0.4444038101	FCC_A1+HCP_A3+FCC_A1	0	0.6434809534	0.3565190466		-21320.34804	7723.552121	52.73794266
550.7211448	0.5755961899	0.4244038101	FCC_A1+HCP_A3+FCC_A1	0	0.6673066872	0.3326933128		-21179.99191	7749.835613	52.53080946
550.7211448	0.5955961899	0.4044038101	FCC_A1+HCP_A3+FCC_A1	0	0.6911324212	0.3088675788		-21039.63578	7776.119111	52.32367626
550.7211448	0.6155961899	0.3844038101	FCC_A1+HCP_A3+FCC_A1	0	0.7149581551	0.2850418449		-20899.27965	7802.402606	52.11654306
550.7211448	0.6355961899	0.3644038101	FCC_A1+HCP_A3+FCC_A1	0	0.738783889	0.261216111		-20758.92352	7828.686101	51.90940986
550.7211448	0.6555961899	0.3444038101	FCC_A1+HCP_A3+FCC_A1	0	0.7626096229	0.2373903771		-20618.5674	7854.969597	51.70227666
550.7211448	0.6755961899	0.3244038101	FCC_A1+HCP_A3+FCC_A1	0	0.7864353568	0.2135646432		-20478.21127	7881.253093	51.49514347
550.7211448	0.6955961899	0.3044038101	FCC_A1+HCP_A3+FCC_A1	0	0.8102610906	0.1897389094		-20337.85514	7907.536587	51.28801026
550.7211448	0.7155961899	0.2844038101	FCC_A1+HCP_A3+FCC_A1	0	0.8340868245	0.1659131755		-20197.49901	7933.820083	51.08087706
550.7211449	0.7355961899	0.2644038101	FCC_A1+HCP_A3+FCC_A1	0	0.8579125585	0.1420874415		-20057.14289	7960.10358	50.87374387
550.7211448	0.7555961899	0.2444038101	FCC_A1+HCP_A3+FCC_A1	0	0.8817382923	0.1182617077		-19916.78675	7986.387072	50.66661066
550.7211448	0.7755961899	0.2244038101	FCC_A1+HCP_A3+FCC_A1	0	0.9055640262	0.09443597382		-19776.43063	8012.670569	50.45947747
550.7211449	0.7955961899	0.2044038101	FCC_A1+HCP_A3+FCC_A1	0	0.9293897603	0.07061023974		-19636.0745	8038.954068	50.25234427
550.7211449	0.8155961899	0.1844038101	FCC_A1+HCP_A3+FCC_A1	0	0.9532154941	0.0467845059		-19495.71837	8065.237562	50.04521107
550.7211448	0.8355961899	0.1644038101	FCC_A1+HCP_A3+FCC_A1	0	0.9770412277	0.02295877231		-19355.36224	8091.521052	49.83807786
550.7211448	0.8455961899	0.1544038101	FCC_A1+HCP_A3+FCC_A1	0	0.9889540948	0.01104590522		-19285.18418	8104.662802	49.73451127
550.7211448	0.8505961899	0.1494038101	FCC_A1+HCP_A3+FCC_A1	0	0.9949105283	0.005089471749		-19250.09515	8111.233677	49.68272797
550.7211448	0.8530961899	0.1469038101	FCC_A1+HCP_A3+FCC_A1	0	0.997888745	0.002111255008		-19232.55063	8114.519113	49.65683632
550.7211448	0.8543461899	0.1456538101	FCC_A1+HCP_A3+FCC_A1	0	0.9993778534	0.0006221466406		-19223.77837	8116.161832	49.64389049
550.7211448	0.8546586899	0.1453413101	FCC_A1+HCP_A3+FCC_A1	0	0.9997501305	0.0002498695487		-19221.58531	8116.572511	49.64065404
550.7211448	0.8548149399	0.1451850601	FCC_A1+HCP_A3+FCC_A1	0	0.999936269	6.373100275E-05		-19220.48878	8116.777851	49.63903581
550.7211448	0.8548540024	0.1451459976	FCC_A1+HCP_A3+FCC_A1	0	0.9999828036	1.719636164E-05		-19220.21464	8116.829186	49.63863125
550.7211448	0.8548637681	0.1451362319	FCC_A1+HCP_A3+FCC_A1	0	0.9999944373	5.562707056E-06		-19220.14611	8116.842019	49.63853011
550.7211448	0.8548684375	0.1451315625	FCC_A1+HCP_A3+FCC_A1	0	1	0		-19220.11334	8116.848157	49.63848175
										
550.7211448	0.8548684375	0.1451315625	HCP_A3+FCC_A1	1		0		-19220.11334	8116.848157	49.63848175
550.5076473	0.8552856354	0.1447143646	HCP_A3+FCC_A1	1		0		-19206.59078	8106.976717	49.61523719
550.3646824	0.8555634418	0.1444365582	HCP_A3+FCC_A1	1		0		-19197.54988	8100.379724	49.59971175
550.0772333	0.8561182685	0.1438817315	HCP_A3+FCC_A1	1		0		-19179.40617	8087.147362	49.56859125
549.496267	0.8572247507	0.1427752493	HCP_A3+FCC_A1	1		0		-19142.87232	8060.529895	49.50607283
548.3101528	0.8594248229	0.1405751771	HCP_A3+FCC_A1	1		0		-19068.82927	8006.690555	49.37993522
545.8419791	0.8637717677	0.1362282323	HCP_A3+FCC_A1	1		0		-18916.92784	7896.648159	49.12333062
540.529787	0.8722407788	0.1277592212	HCP_A3+FCC_A1	1		0		-18598.62613	7667.578568	48.59344542
528.488711	0.8882008028	0.1117991972	HCP_A3+FCC_A1	1		0		-17911.05822	7177.72287	47.47269065
514.7826506	0.9027530538	0.09724694622	HCP_A3+FCC_A1	1		0		-17171.0428	6654.695558	46.28310285
499.703421	0.9158740996	0.08412590043	HCP_A3+FCC_A1	1		0		-16396.73296	6108.770507	45.03772142
483.5315035	0.9276191309	0.07238086912	HCP_A3+FCC_A1	1		0		-15604.14937	5548.688263	43.74655525
466.5073274	0.938088013	0.06191198697	HCP_A3+FCC_A1	1		0		-14806.19773	4981.218562	42.41608895
448.8234097	0.9473967886	0.05260321139	HCP_A3+FCC_A1	1		0		-14012.74222	4411.313393	41.04967615
430.6282623	0.9556596062	0.04434039377	HCP_A3+FCC_A1	1		0		-13231.15109	3842.494447	39.64822337
412.0345546	0.9629795949	0.03702040506	HCP_A3+FCC_A1	1		0		-12466.92576	3277.255543	38.21082752
393.1275134	0.969445543	0.03055445702	HCP_A3+FCC_A1	1		0		-11724.24438	2717.394292	36.73525302
373.9720349	0.9751317908	0.02486820921	HCP_A3+FCC_A1	1		0		-11006.37907	2164.259707	35.21824508
354.6182205	0.9800997233	0.0199002767	HCP_A3+FCC_A1	1		0		-10315.99876	1618.929447	33.65571062
335.1055161	0.9844000137	0.01559998632	HCP_A3+FCC_A1	1		0		-9655.383375	1082.335636	32.04279993
315.4657392	0.9880752464	0.01192475358	HCP_A3+FCC_A1	1		0		-9026.573611	555.3559181	30.37391494
295.7252424	0.9911628055	0.008837194514	HCP_A3+FCC_A1	1		0		-8431.475323	38.88311828	28.64266294
275.9063948	0.9936980207	0.006301979254	HCP_A3+FCC_A1	1		0		-7871.932277	-466.1149685	26.84177477
256.0284975	0.9957175603	0.004282439735	HCP_A3+FCC_A1	1		0		-7349.777392	-958.5330015	24.96301956
236.1082121	0.9972629403	0.002737059705	HCP_A3+FCC_A1	1		0		-6866.870065	-1437.044472	22.99719076
216.1595928	0.9983837869	0.001616213083	HCP_A3+FCC_A1	1		0		-6425.12492	-1899.966002	20.93434235
196.1938648	0.9991401237	0.0008598763102	HCP_A3+FCC_A1	1		0		-6026.53246	-2345.014024	18.76469706
176.219186	0.9996025472	0.0003974528169	HCP_A3+FCC_A1	1		0		-5673.158588	-2768.853156	16.48121012
166.2302295	0.9997477704	0.0002522296477	HCP_A3+FCC_A1	1		0		-5514.081263	-2971.293643	15.29678222
156.2407306	0.9998489221	0.0001510778902	HCP_A3+FCC_A1	1		0		-5367.075663	-3166.248681	14.08612833
146.2509427	0.9999156058	8.439423743E-05	HCP_A3+FCC_A1	1		0		-5232.358372	-3352.505869	12.85360947
136.2610171	0.9999567057	4.329428672E-05	HCP_A3+FCC_A1	1		0		-5110.087967	-3528.458298	11.60735259
126.2710342	0.9999800133	1.998668351E-05	HCP_A3+FCC_A1	1		0		-5000.317678	-3691.946017	10.36161356
121.2760342	0.9999870529	1.294708617E-05	HCP_A3+FCC_A1	1		0		-4950.089467	-3768.133464	9.745998135
116.2810316	0.99999192	8.079975E-06	HCP_A3+FCC_A1	1		0		-4902.91657	-3840.019274	9.140762528
111.2860276	0.9999951664	4.833615119E-06	HCP_A3+FCC_A1	1		0		-4858.73225	-3907.051555	8.551663812
106.291023	0.9999972447	2.755280375E-06	HCP_A3+FCC_A1	1		0		-4817.437039	-3968.572224	7.986232431
101.2960182	0.9999985141	1.485894406E-06	HCP_A3+FCC_A1	1		0		-4778.888452	-4023.791151	7.454363113
96.30101325	0.9999992484	7.516086957E-07	HCP_A3+FCC_A1	1		0		-4742.887211	-4071.752278	6.96913677
91.30600827	0.9999996471	3.528670405E-07	HCP_A3+FCC_A1	1		0		-4709.158565	-4111.288611	6.547980417
86.31100327	0.9999998482	1.517828968E-07	HCP_A3+FCC_A1	1		0		-4677.326653	-4140.961552	6.214330521
81.31599827	0.9999999411	5.886031859E-08	HCP_A3+FCC_A1	1		0		-4646.878782	-4158.977835	6.000060973
76.32099327	0.9999999798	2.016380408E-08	HCP_A3+FCC_A1	1		0		-4617.114837	-4163.073773	5.949097945
66.33098327	0.9999999985	1.458345812E-09	HCP_A3+FCC_A1	1		0		-4555.428743	-4117.036581	6.609161223
46.35096327	1	2.554401706E-13	HCP_A3+FCC_A1	1		0		-4361.205807	-3645.483664	15.44136501
26.37094327	1	1E-50	HCP_A3+FCC_A1	1		0		-3655.873579	-1713.005791	73.67456553
6.390923274	1	1.224646799E-18	HCP_A3+FCC_A1	1		0		4204.245382	15366.31882	1746.551001
3.893420774	1	2.675046244E-19	HCP_A3+FCC_A1	1		0		11458.59257	30178.97997	4808.210694
1.395918274	1	4.205854743E-19	HCP_A3+FCC_A1	1		0		45281.44724	98215.80385	37920.81357
1.083730461	1	2.338694631E-20	HCP_A3+FCC_A1	1		0		60537.82623	128791.1874	62980.01546
1.005683508	1	1.082348811E-20	HCP_A3+FCC_A1	1		0		65834.83714	139402.1969	73151.60203
1.000805573	1	6.223131675E-17	HCP_A3+FCC_A1	1		0		66193.37193	140120.3534	73867.47575
										
550.7211448	0.8548684375	0.1451315625	FCC_A1+HCP_A3+FCC_A1	0	1	0		-19220.11334	8116.848157	49.63848175
550.7211448	0.8543996875	0.1456003125	FCC_A1+HCP_A3+FCC_A1	0.001049668127	0.9989503319	0		-19223.40294	8118.484661	49.64742657
550.7211448	0.8540871875	0.1459128125	FCC_A1+HCP_A3+FCC_A1	0.001749446831	0.9982505532	0		-19225.596	8119.575663	49.65338978
550.7211448	0.8534621875	0.1465378125	FCC_A1+HCP_A3+FCC_A1	0.003149004239	0.9968509958	0		-19229.98213	8121.757668	49.66531621
550.7211448	0.8522121875	0.1477878125	FCC_A1+HCP_A3+FCC_A1	0.005948119053	0.9940518809	0		-19238.75439	8126.121679	49.68916906
550.7211448	0.8497121875	0.1502878125	FCC_A1+HCP_A3+FCC_A1	0.01154634871	0.9884536513	0		-19256.29891	8134.8497	49.73687476
550.7211448	0.8447121875	0.1552878125	FCC_A1+HCP_A3+FCC_A1	0.02274280795	0.9772571921	0		-19291.38794	8152.305742	49.83228615
550.7211449	0.8347121875	0.1652878125	FCC_A1+HCP_A3+FCC_A1	0.0451357261	0.9548642739	0		-19361.56601	8187.217832	50.02310896
550.7211449	0.8147121875	0.1852878125	FCC_A1+HCP_A3+FCC_A1	0.08992156342	0.9100784366	0		-19501.92213	8257.042	50.40475455
550.7211448	0.7947121875	0.2052878125	FCC_A1+HCP_A3+FCC_A1	0.1347074008	0.8652925992	0		-19642.27826	8326.866169	50.78640014
550.721145	0.7747121875	0.2252878125	FCC_A1+HCP_A3+FCC_A1	0.1794932372	0.8205067628	0		-19782.63439	8396.690345	51.16804574
550.7211449	0.7547121875	0.2452878125	FCC_A1+HCP_A3+FCC_A1	0.2242790744	0.7757209256	0		-19922.99052	8466.514512	51.54969133
550.7211449	0.7347121875	0.2652878125	FCC_A1+HCP_A3+FCC_A1	0.2690649117	0.7309350883	0		-20063.34665	8536.338682	51.93133693
550.7211448	0.7147121875	0.2852878125	FCC_A1+HCP_A3+FCC_A1	0.3138507488	0.6861492512	0		-20203.70277	8606.16285	52.31298252
550.7211448	0.6947121875	0.3052878125	FCC_A1+HCP_A3+FCC_A1	0.3586365859	0.6413634141	0		-20344.0589	8675.98702	52.69462811
550.7211448	0.6747121875	0.3252878125	FCC_A1+HCP_A3+FCC_A1	0.4034224229	0.5965775771	0		-20484.41503	8745.811191	53.0762737
550.7211448	0.6547121875	0.3452878125	FCC_A1+HCP_A3+FCC_A1	0.44820826	0.55179174	0		-20624.77115	8815.635361	53.4579193
550.7211449	0.6347121875	0.3652878125	FCC_A1+HCP_A3+FCC_A1	0.4929940968	0.5070059032	0		-20765.12728	8885.459533	53.83956489
550.7211448	0.6147121875	0.3852878125	FCC_A1+HCP_A3+FCC_A1	0.5377799341	0.4622200659	0		-20905.48341	8955.283702	54.22121049
550.7211448	0.5947121875	0.4052878125	FCC_A1+HCP_A3+FCC_A1	0.5825657712	0.4174342288	0		-21045.83954	9025.107872	54.60285608
550.7211449	0.5747121875	0.4252878125	FCC_A1+HCP_A3+FCC_A1	0.627351608	0.372648392	0		-21186.19567	9094.932044	54.98450168
550.7211449	0.5547121875	0.4452878125	FCC_A1+HCP_A3+FCC_A1	0.6721374454	0.3278625546	0		-21326.5518	9164.756215	55.36614727
550.7211449	0.5347121875	0.4652878125	FCC_A1+HCP_A3+FCC_A1	0.7169232825	0.2830767175	0		-21466.90793	9234.580385	55.74779287
550.7211448	0.5147121875	0.4852878125	FCC_A1+HCP_A3+FCC_A1	0.7617091194	0.2382908806	0		-21607.26405	9304.404554	56.12943846
550.7211447	0.4947121875	0.5052878125	FCC_A1+HCP_A3+FCC_A1	0.8064949565	0.1935050435	0		-21747.62017	9374.228721	56.51108405
550.7211448	0.4747121875	0.5252878125	FCC_A1+HCP_A3+FCC_A1	0.8512807935	0.1487192065	0		-21887.97631	9444.052894	56.89272964
550.7211448	0.4547121875	0.5452878125	FCC_A1+HCP_A3+FCC_A1	0.8960666306	0.1039333694	0		-22028.33244	9513.877064	57.27437524
550.7211449	0.4347121875	0.5652878125	FCC_A1+HCP_A3+FCC_A1	0.9408524675	0.05914753251	0		-22168.68857	9583.701235	57.65602083
550.7211448	0.4147121875	0.5852878125	FCC_A1+HCP_A3+FCC_A1	0.9856383047	0.01436169527	0		-22309.04469	9653.525405	58.03766643
550.7211448	0.4097121875	0.5902878125	FCC_A1+HCP_A3+FCC_A1	0.996834764	0.003165236047	0		-22344.13372	9670.981447	58.13307782
550.7211448	0.4084621875	0.5915378125	FCC_A1+HCP_A3+FCC_A1	0.9996338788	0.0003661212288	0		-22352.90598	9675.345458	58.15693067
550.7211448	0.4083059375	0.5916940625	FCC_A1+HCP_A3+FCC_A1	0.9999837683	1.623174969E-05	0		-22354.00251	9675.890959	58.15991228
550.7211448	0.4083010547	0.5916989453	FCC_A1+HCP_A3+FCC_A1	0.9999947022	5.29783603E-06	0		-22354.03678	9675.908006	58.16000545
550.7211448	0.4082986889	0.5917013111	FCC_A1+HCP_A3+FCC_A1	1	0	0		-22354.05338	9675.916266	58.1600506
										
550.7211448	0.4082986889	0.5917013111	FCC_A1+HCP_A3	1		0		-22354.05338	9675.916266	58.1600506
550.996449	0.4079195024	0.5920804976	FCC_A1+HCP_A3	1		0		-22372.72854	9682.76376	58.17731197
551.1806953	0.4076672295	0.5923327705	FCC_A1+HCP_A3	1		0		-22385.219	9687.34894	58.18884482
551.5508848	0.4071639298	0.5928360702	FCC_A1+HCP_A3	1		0		-22410.29638	9696.567575	58.21197073
552.2979841	0.4061623183	0.5938376817	FCC_A1+HCP_A3	1		0		-22460.83351	9715.196391	58.2584598
553.8185528	0.4041790774	0.5958209226	FCC_A1+HCP_A3	1		0		-22563.41091	9753.208345	58.35235943
556.9611106	0.4002926177	0.5997073823	FCC_A1+HCP_A3	1		0		-22774.36937	9832.154778	58.54362815
563.6195744	0.3928376767	0.6071623233	FCC_A1+HCP_A3	1		0		-23217.84203	10000.96959	58.93835687
578.1865706	0.3791490677	0.6208509323	FCC_A1+HCP_A3	1		0		-24178.59326	10376.35587	59.76435789
594.0142019	0.3669431343	0.6330568657	FCC_A1+HCP_A3	1		0		-25217.04621	10791.89067	60.61965651
610.7406328	0.3560039075	0.6439960925	FCC_A1+HCP_A3	1		0		-26315.07881	11238.24593	61.48817144
628.1146197	0.3461276448	0.6538723552	FCC_A1+HCP_A3	1		0		-27460.2377	11708.78755	62.35967771
645.9640552	0.3371409809	0.6628590191	FCC_A1+HCP_A3	1		0		-28644.04691	12198.88798	63.22787554
655.0279589	0.3329360717	0.6670639283	FCC_A1+HCP_A3	1		0		-29248.51517	12450.20818	63.65945573
655.1702219	0.3328717693	0.6671282307	FCC_A1+HCP_A3	1		0		-29258.0217	12454.16557	63.66618304
655.1880059	0.332863734	0.667136266	FCC_A1+HCP_A3	1		0		-29259.21013	12454.6603	63.66702391
655.1917296	0.3328620512	0.6671379488	FCC_A1+HCP_A3	1		0		-29259.45898	12454.76389	63.66719998
										
655.1917296	0.3328620512	0.6671379488	FCC_A1+Liquid	1			0	-29259.45898	12454.76389	63.66719998
655.3461606	0.3333045779	0.6666954221	FCC_A1+Liquid	1			0	-29266.19519	12460.45872	63.67116558
655.449005	0.333599634	0.666400366	FCC_A1+Liquid	1			0	-29270.67712	12464.25197	63.67380036
655.6544309	0.3341898381	0.6658101619	FCC_A1+Liquid	1			0	-29279.61971	12471.83053	63.6790484
656.0642321	0.3353706119	0.6646293881	FCC_A1+Liquid	1			0	-29297.41988	12486.95578	63.68945847
656.8796471	0.3377336117	0.6622663883	FCC_A1+Liquid	1			0	-29332.68125	12517.07816	63.70993469
658.4938408	0.3424653307	0.6575346693	FCC_A1+Liquid	1			0	-29401.85641	12576.80513	63.74951282
661.6566204	0.3519509413	0.6480490587	FCC_A1+Liquid	1			0	-29534.88523	12694.14667	63.8231835
667.7275229	0.3710053475	0.6289946525	FCC_A1+Liquid	1			0	-29780.22793	12920.06744	63.94868253
673.4743081	0.3901602	0.6098398	FCC_A1+Liquid	1			0	-29999.08874	13133.75464	64.04526922
678.9165008	0.4094039854	0.5905960146	FCC_A1+Liquid	1			0	-30192.90478	13334.62715	64.11323319
684.0744958	0.4287260415	0.5712739585	FCC_A1+Liquid	1			0	-30363.17542	13522.19245	64.15290752
688.9695362	0.4481165193	0.5518834807	FCC_A1+Liquid	1			0	-30511.45695	13696.05245	64.16467939
693.6238799	0.4675662941	0.5324337059	FCC_A1+Liquid	1			0	-30639.36998	13855.91579	64.1490108
698.0611517	0.4870668382	0.5129331618	FCC_A1+Liquid	1			0	-30748.61652	14001.67237	64.10654538
702.3070579	0.5066100265	0.4933899735	FCC_A1+Liquid	1			0	-30841.02508	14133.29358	64.03797051
706.389785	0.5261880239	0.4738119761	FCC_A1+Liquid	1			0	-30918.56794	14250.8856	63.9440922
710.340954	0.5457930494	0.4542069506	FCC_A1+Liquid	1			0	-30983.418	14354.75292	63.82592846
714.1968096	0.5654170813	0.4345829187	FCC_A1+Liquid	1			0	-31038.0178	14445.43801	63.68476476
717.999613	0.5850514835	0.4149485165	FCC_A1+Liquid	1			0	-31085.16058	14523.76526	63.52221508
721.7991663	0.6046865161	0.3953134839	FCC_A1+Liquid	1			0	-31128.078	14590.89127	63.34029104
725.6542975	0.6243106906	0.3756893094	FCC_A1+Liquid	1			0	-31170.52388	14648.35675	63.14147218
729.6339774	0.6439099369	0.3560900631	FCC_A1+Liquid	1			0	-31216.83429	14698.13081	62.92876501
733.8175133	0.6634665984	0.3365334016	FCC_A1+Liquid	1			0	-31271.9299	14742.63185	62.70572849
738.2930182	0.6829583858	0.3170416142	FCC_A1+Liquid	1			0	-31341.21255	14784.70089	62.47643185
743.1532622	0.7023576322	0.2976423678	FCC_A1+Liquid	1			0	-31430.3012	14827.49818	62.2453022
748.4883476	0.7216314463	0.2783685537	FCC_A1+Liquid	1			0	-31544.57228	14874.29979	62.01682661
754.375859	0.7407434281	0.2592565719	FCC_A1+Liquid	1			0	-31688.54193	14928.20343	61.79511819
760.871019	0.7596571395	0.2403428605	FCC_A1+Liquid	1			0	-31865.24401	14991.80982	61.58343879
768.0009891	0.7783403352	0.2216596648	FCC_A1+Liquid	1			0	-32075.86146	15067.00468	61.38386124
775.7668138	0.7967677954	0.2032322046	FCC_A1+Liquid	1			0	-32319.83717	15154.96522	61.19725869
784.1529572	0.8149208083	0.1850791917	FCC_A1+Liquid	1			0	-32595.47264	15256.41779	61.02366891
793.1401545	0.8327833015	0.1672166985	FCC_A1+Liquid	1			0	-32900.75209	15372.03462	60.86287075
802.7159708	0.8503366561	0.1496633439	FCC_A1+Liquid	1			0	-33234.03171	15502.7922	60.71490499
812.8798368	0.8675555154	0.1324444846	FCC_A1+Liquid	1			0	-33594.37725	15650.17008	60.58035283
823.6427792	0.8844056571	0.1155943429	FCC_A1+Liquid	1			0	-33981.55154	15816.17678	60.46034711
835.0238921	0.9008437555	0.09915624446	FCC_A1+Liquid	1			0	-34395.77234	16003.2562	60.35639102
847.0455168	0.9168184654	0.08318153458	FCC_A1+Liquid	1			0	-34837.35063	16214.13319	60.27005965
859.7283135	0.9322724228	0.06772757716	FCC_A1+Liquid	1			0	-35306.25179	16451.63538	60.20260861
873.086789	0.947145017	0.05285498297	FCC_A1+Liquid	1			0	-35801.53966	16718.50868	60.15444169
887.1256257	0.9613758529	0.0386241471	FCC_A1+Liquid	1			0	-36320.53426	17017.23855	60.12426118
901.8371202	0.9749087335	0.02509126651	FCC_A1+Liquid	1			0	-36857.11273	17349.89051	60.10730987
917.2000478	0.9876957653	0.01230423471	FCC_A1+Liquid	1			0	-37396.54896	17717.98812	60.08998497
925.1149306	0.9937973451	0.00620265487	FCC_A1+Liquid	1			0	-37654.83407	17915.62347	60.06870682
933.1788709	0.9997001197	0.0002998802719	FCC_A1+Liquid	1			0	-37871.67534	18122.41338	60.00359681
933.4332004	0.9998813469	0.0001186530738	FCC_A1+Liquid	1			0	-37875.07984	18129.02321	59.99797631
933.5604176	0.9999718869	2.811314461E-05	FCC_A1+Liquid	1			0	-37876.02454	18132.33148	59.99435598
933.5922273	0.9999945142	5.485830458E-06	FCC_A1+Liquid	1			0	-37875.99955	18133.1589	59.99317134
933.5962036	0.9999973424	2.657603011E-06	FCC_A1+Liquid	1			0	-37875.96682	18133.26234	59.99299156
										
655.1917296	0.3328620512	0.6671379488	FCC_A1+HCP_A3+Liquid	1		0	0	-29259.45898	12454.76389	63.66719998
655.1917296	0.3323933012	0.6676066988	FCC_A1+HCP_A3+Liquid	0.9978891234		0	0.002110876569	-29262.73688	12467.36927	63.69144216
655.1917296	0.3320808012	0.6679191988	FCC_A1+HCP_A3+Liquid	0.996481874		0	0.003518125991	-29264.92215	12475.77284	63.70760359
655.1917296	0.3314558012	0.6685441988	FCC_A1+HCP_A3+Liquid	0.9936673752		0	0.006332624836	-29269.29268	12492.57998	63.73992647
655.1917296	0.3302058012	0.6697941988	FCC_A1+HCP_A3+Liquid	0.9880383775		0	0.01196162252	-29278.03375	12526.19427	63.80457221
655.1917296	0.3277058012	0.6722941988	FCC_A1+HCP_A3+Liquid	0.9767803821		0	0.0232196179	-29295.51588	12593.42285	63.9338637
655.1917296	0.3227058012	0.6772941988	FCC_A1+HCP_A3+Liquid	0.9542643913		0	0.04573560867	-29330.48015	12727.88001	64.19244668
655.1917296	0.3127058012	0.6872941988	FCC_A1+HCP_A3+Liquid	0.90923241		0	0.09076759	-29400.40869	12996.79434	64.70961263
655.1917296	0.2927058012	0.7072941988	FCC_A1+HCP_A3+Liquid	0.8191684468		0	0.1808315532	-29540.26576	13534.62298	65.74394455
655.1917296	0.2727058012	0.7272941988	FCC_A1+HCP_A3+Liquid	0.7291044837		0	0.2708955163	-29680.12283	14072.45162	66.77827646
655.1917296	0.2527058012	0.7472941988	FCC_A1+HCP_A3+Liquid	0.6390405207		0	0.3609594793	-29819.9799	14610.28027	67.81260838
655.1917296	0.2327058012	0.7672941988	FCC_A1+HCP_A3+Liquid	0.5489765574		0	0.4510234426	-29959.83698	15148.10891	68.84694029
655.1917295	0.2127058012	0.7872941988	FCC_A1+HCP_A3+Liquid	0.4589125942		0	0.5410874058	-30099.69405	15685.93755	69.88127221
655.1917296	0.1927058012	0.8072941988	FCC_A1+HCP_A3+Liquid	0.3688486315		0	0.6311513685	-30239.55112	16223.76619	70.91560412
655.1917296	0.1727058012	0.8272941988	FCC_A1+HCP_A3+Liquid	0.2787846685		0	0.7212153315	-30379.40819	16761.59484	71.94993603
655.1917296	0.1527058012	0.8472941988	FCC_A1+HCP_A3+Liquid	0.1887207054		0	0.8112792946	-30519.26526	17299.42348	72.98426794
655.1917296	0.1327058012	0.8672941988	FCC_A1+HCP_A3+Liquid	0.09865674237		0	0.9013432576	-30659.12234	17837.25212	74.01859986
655.1917296	0.1127058012	0.8872941988	FCC_A1+HCP_A3+Liquid	0.008592779151		0	0.9914072208	-30798.97941	18375.08077	75.05293178
655.1917296	0.1114558012	0.8885441988	FCC_A1+HCP_A3+Liquid	0.002963781634		0	0.9970362184	-30807.72048	18408.69506	75.11757752
655.1917296	0.1108308012	0.8891691988	FCC_A1+HCP_A3+Liquid	0.0001492827869		0	0.9998507172	-30812.09101	18425.5022	75.14990039
655.1917296	0.11081127	0.88918873	FCC_A1+HCP_A3+Liquid	6.132969687E-05		0	0.9999386703	-30812.22759	18426.02742	75.15091048
655.1917296	0.1108015043	0.8891984957	FCC_A1+HCP_A3+Liquid	1.73531524E-05		0	0.9999826468	-30812.29588	18426.29004	75.15141552
655.1917296	0.1107976508	0.8892023492	FCC_A1+HCP_A3+Liquid	0		0	1	-30812.32283	18426.39366	75.15161481
										
655.1917296	0.3328620512	0.6671379488	FCC_A1+HCP_A3+Liquid	1		0	0	-29259.45898	12454.76389	63.66719998
655.1917296	0.3323933012	0.6676066988	FCC_A1+HCP_A3+Liquid	0.9984788164		0.001521183624	0	-29262.73688	12451.29323	63.66690577
655.1917295	0.3320808012	0.6679191988	FCC_A1+HCP_A3+Liquid	0.9974646951		0.00253530492	0	-29264.92214	12448.97946	63.66670964
655.1917296	0.3314558012	0.6685441988	FCC_A1+HCP_A3+Liquid	0.9954364526		0.00456354736	0	-29269.29268	12444.35191	63.66631737
655.1917296	0.3302058012	0.6697941988	FCC_A1+HCP_A3+Liquid	0.9913799677		0.008620032343	0	-29278.03375	12435.09682	63.66553283
655.1917296	0.3277058012	0.6722941988	FCC_A1+HCP_A3+Liquid	0.9832669977		0.01673300231	0	-29295.51588	12416.58664	63.66396376
655.1917296	0.3227058012	0.6772941988	FCC_A1+HCP_A3+Liquid	0.9670410578		0.03295894223	0	-29330.48015	12379.56629	63.66082561
655.1917296	0.3127058012	0.6872941988	FCC_A1+HCP_A3+Liquid	0.9345891779		0.06541082211	0	-29400.40868	12305.52557	63.65454931
655.1917296	0.2927058012	0.7072941988	FCC_A1+HCP_A3+Liquid	0.8696854182		0.1303145818	0	-29540.26576	12157.44414	63.64199672
655.1917296	0.2727058012	0.7272941988	FCC_A1+HCP_A3+Liquid	0.8047816582		0.1952183418	0	-29680.12283	12009.36272	63.62944412
655.1917296	0.2527058012	0.7472941988	FCC_A1+HCP_A3+Liquid	0.7398778987		0.2601221013	0	-29819.9799	11861.28129	63.61689153
655.1917295	0.2327058012	0.7672941988	FCC_A1+HCP_A3+Liquid	0.6749741387		0.3250258613	0	-29959.83697	11713.19986	63.60433893
655.1917296	0.2127058012	0.7872941988	FCC_A1+HCP_A3+Liquid	0.6100703792		0.3899296208	0	-30099.69405	11565.11843	63.59178634
655.1917296	0.1927058012	0.8072941988	FCC_A1+HCP_A3+Liquid	0.5451666195		0.4548333805	0	-30239.55112	11417.037	63.57923374
655.1917296	0.1727058012	0.8272941988	FCC_A1+HCP_A3+Liquid	0.4802628597		0.5197371403	0	-30379.40819	11268.95557	63.56668115
655.1917296	0.1527058012	0.8472941988	FCC_A1+HCP_A3+Liquid	0.4153591		0.5846409	0	-30519.26526	11120.87414	63.55412855
655.1917295	0.1327058012	0.8672941988	FCC_A1+HCP_A3+Liquid	0.3504553402		0.6495446598	0	-30659.12233	10972.79271	63.54157596
655.1917296	0.1127058012	0.8872941988	FCC_A1+HCP_A3+Liquid	0.2855515805		0.7144484195	0	-30798.97941	10824.71129	63.52902337
655.1917296	0.09270580122	0.9072941988	FCC_A1+HCP_A3+Liquid	0.2206478208		0.7793521792	0	-30938.83648	10676.62986	63.51647077
655.1917296	0.07270580122	0.9272941988	FCC_A1+HCP_A3+Liquid	0.1557440611		0.8442559389	0	-31078.69355	10528.54843	63.50391818
655.1917296	0.05270580122	0.9472941988	FCC_A1+HCP_A3+Liquid	0.09084030134		0.9091596987	0	-31218.55063	10380.467	63.49136558
655.1917296	0.03270580122	0.9672941988	FCC_A1+HCP_A3+Liquid	0.02593654161		0.9740634584	0	-31358.4077	10232.38557	63.47881299
655.1917296	0.02770580122	0.9722941988	FCC_A1+HCP_A3+Liquid	0.009710601692		0.9902893983	0	-31393.37197	10195.36521	63.47567484
655.1917296	0.02520580122	0.9747941988	FCC_A1+HCP_A3+Liquid	0.001597631711		0.9984023683	0	-31410.8541	10176.85504	63.47410576
655.1917296	0.02489330122	0.9751066988	FCC_A1+HCP_A3+Liquid	0.0005835104607		0.9994164895	0	-31413.03937	10174.54126	63.47390963
655.1917296	0.02473705122	0.9752629488	FCC_A1+HCP_A3+Liquid	7.644983759E-05		0.9999235502	0	-31414.132	10173.38438	63.47381156
655.1917296	0.02471751997	0.97528248	FCC_A1+HCP_A3+Liquid	1.306725955E-05		0.9999869327	0	-31414.26858	10173.23977	63.4737993
655.1917296	0.02471349331	0.9752865067	FCC_A1+HCP_A3+Liquid	0		1	0	-31414.29674	10173.20995	63.47379678
										
550.7211448	0.4082986889	0.5917013111	FCC_A1+FCC_A1	1	0			-22354.05338	9675.916266	58.1600506
550.8833277	0.4085657101	0.5914342899	FCC_A1+FCC_A1	1	0			-22361.6121	9680.974364	58.16583086
551.0453386	0.4088328359	0.5911671641	FCC_A1+FCC_A1	1	0			-22369.16019	9686.027157	58.17159696
551.3688469	0.4093673992	0.5906326008	FCC_A1+FCC_A1	1	0			-22384.22462	9696.116863	58.18308681
552.0137958	0.410437777	0.589562223	FCC_A1+FCC_A1	1	0			-22414.22557	9716.232268	58.20589645
553.2954364	0.4125834961	0.5874165039	FCC_A1+FCC_A1	1	0			-22473.71596	9756.206319	58.250837
555.8255922	0.4168945867	0.5831054133	FCC_A1+FCC_A1	1	0			-22590.63934	9835.116072	58.33800363
560.75278	0.425593681	0.574406319	FCC_A1+FCC_A1	1	0			-22816.17686	9988.695545	58.50148868
570.0703513	0.4432857454	0.5567142546	FCC_A1+FCC_A1	1	0			-23233.44984	10278.21859	58.78514529
578.6643656	0.4613410806	0.5386589194	FCC_A1+FCC_A1	1	0			-23604.70608	10542.95273	59.01116578
586.5277267	0.4797270488	0.5202729512	FCC_A1+FCC_A1	1	0			-23929.0687	10781.45933	59.17968828
593.6537222	0.4984117639	0.5015882361	FCC_A1+FCC_A1	1	0			-24205.83494	10992.35774	59.29078074
600.0345836	0.517364419	0.482635581	FCC_A1+FCC_A1	1	0			-24434.38753	11174.30429	59.34439912
605.659956	0.5365553509	0.4634446491	FCC_A1+FCC_A1	1	0			-24614.10292	11325.96619	59.34034231
610.515447	0.5559557898	0.4440442102	FCC_A1+FCC_A1	1	0			-24744.26839	11445.99592	59.27821235
614.5812184	0.5755373226	0.4244626774	FCC_A1+FCC_A1	1	0			-24824.00741	11533.00627	59.15737838
617.830687	0.5952710456	0.4047289544	FCC_A1+FCC_A1	1	0			-24852.21906	11585.54942	58.97694829
620.2293576	0.6151263942	0.3848736058	FCC_A1+FCC_A1	1	0			-24827.53406	11602.1024	58.73574996
621.0964466	0.6250886556	0.3749113444	FCC_A1+FCC_A1	1	0			-24794.85297	11596.38656	58.59193001
621.733959	0.6350682731	0.3649317269	FCC_A1+FCC_A1	1	0			-24748.31024	11581.07046	58.43235708
621.9644382	0.6400629475	0.3599370525	FCC_A1+FCC_A1	1	0			-24719.76068	11569.74546	58.34659334
622.1946473	0.6450576345	0.3549423655	FCC_A1+FCC_A1	0.9999998438	0			-24691.1478	11557.65218	58.25958185
622.2017368	0.6456825942	0.3543174058	FCC_A1+FCC_A1	0.999999876	0			-24686.30229	11555.46763	58.24761936
622.1914829	0.6463075099	0.3536924901	FCC_A1+FCC_A1	0.9999999394	0			-24680.44049	11552.77394	58.23482871
622.1811631	0.6469324245	0.3530675755	FCC_A1+FCC_A1	1	0			-24674.58132	11550.06933	58.2220305
622.1879021	0.6475573881	0.3524426119	FCC_A1+FCC_A1	0.9999999999	0			-24669.71505	11547.839	58.209994
622.1945639	0.6481823525	0.3518176475	FCC_A1+FCC_A1	1	0			-24664.84561	11545.59527	58.19793835
622.2284171	0.6494318931	0.3505681069	FCC_A1+FCC_A1	0.9999999996	0			-24656.29667	11541.65565	58.17470132
622.2611825	0.6506814628	0.3493185372	FCC_A1+FCC_A1	1	0			-24647.68344	11537.63772	58.15133929
622.2769331	0.6513062639	0.3486937361	FCC_A1+FCC_A1	1	0			-24643.33916	11535.59273	58.13959985
622.2847264	0.6516186665	0.3483813335	FCC_A1+FCC_A1	0.9999999999	0			-24641.16208	11534.56343	58.13371913
622.2924584	0.6519310706	0.3480689294	FCC_A1+FCC_A1	0.9999999998	0			-24638.95763	11533.51808	58.12777452
622.2934005	0.6519701217	0.3480298783	FCC_A1+FCC_A1	1	0			-24638.70975	11533.4004	58.12709908
622.2938585	0.6519896476	0.3480103524	FCC_A1+FCC_A1	1.000000001	0			-24638.56953	11533.33376	58.12672388
622.2943135	0.6520091735	0.3479908265	FCC_A1+FCC_A1	1.000000001	0			-24638.4316	11533.2682	58.1263544
622.2945378	0.6520189366	0.3479810634	FCC_A1+FCC_A1	1.000000001	0			-24638.36215	11533.23518	58.12616878
622.2947606	0.6520286997	0.3479713003	FCC_A1+FCC_A1	1.000000001	0			-24638.21303	11533.16409	58.12579409
622.2941722	0.6563494129	0.3436505871	FCC_A1+FCC_A1	1	0			-24601.88129	11533.16409	58.12579409
										
550.7211448	0.4082986889	0.5917013111	FCC_A1+HCP_A3+FCC_A1	1	0	0		-22354.05338	9675.916266	58.1600506
550.7211448	0.4078299389	0.5921700611	FCC_A1+HCP_A3+FCC_A1	0.998806823	0	0.001193176955		-22357.34298	9672.739762	58.16025595
550.7211448	0.4075174389	0.5924825611	FCC_A1+HCP_A3+FCC_A1	0.9980113718	0	0.001988628249		-22359.53604	9670.622092	58.16039286
550.7211448	0.4068924389	0.5931075611	FCC_A1+HCP_A3+FCC_A1	0.9964204692	0	0.003579530836		-22363.92217	9666.386754	58.16066666
550.7211448	0.4056424389	0.5943575611	FCC_A1+HCP_A3+FCC_A1	0.993238664	0	0.006761336012		-22372.69443	9657.916076	58.16121427
550.7211448	0.4031424389	0.5968575611	FCC_A1+HCP_A3+FCC_A1	0.9868750536	0	0.01312494636		-22390.23895	9640.974721	58.16230949
550.7211448	0.3981424389	0.6018575611	FCC_A1+HCP_A3+FCC_A1	0.9741478329	0	0.02585216706		-22425.32798	9607.09201	58.16449993
550.7211449	0.3881424389	0.6118575611	FCC_A1+HCP_A3+FCC_A1	0.9486933915	0	0.05130660845		-22495.50605	9539.326592	58.16888082
550.7211448	0.3681424389	0.6318575611	FCC_A1+HCP_A3+FCC_A1	0.8977845089	0	0.1022154911		-22635.86217	9403.795746	58.17764257
550.7211447	0.3481424389	0.6518575611	FCC_A1+HCP_A3+FCC_A1	0.846875626	0	0.153124374		-22776.21829	9268.264901	58.18640432
550.7211448	0.3281424389	0.6718575611	FCC_A1+HCP_A3+FCC_A1	0.7959667433	0	0.2040332567		-22916.57443	9132.73406	58.19516608
550.7211449	0.3081424389	0.6918575611	FCC_A1+HCP_A3+FCC_A1	0.7450578604	0	0.2549421396		-23056.93056	8997.203222	58.20392785
550.7211448	0.2881424389	0.7118575611	FCC_A1+HCP_A3+FCC_A1	0.6941489775	0	0.3058510225		-23197.28668	8861.672376	58.2126896
550.7211448	0.2681424389	0.7318575611	FCC_A1+HCP_A3+FCC_A1	0.6432400948	0	0.3567599052		-23337.64281	8726.141534	58.22145136
550.7211448	0.2481424389	0.7518575611	FCC_A1+HCP_A3+FCC_A1	0.592331212	0	0.407668788		-23477.99894	8590.610692	58.23021312
550.7211447	0.2281424389	0.7718575611	FCC_A1+HCP_A3+FCC_A1	0.5414223292	0	0.4585776708		-23618.35506	8455.079846	58.23897487
550.7211449	0.2081424389	0.7918575611	FCC_A1+HCP_A3+FCC_A1	0.4905134463	0	0.5094865537		-23758.7112	8319.549009	58.24773664
550.7211447	0.1881424389	0.8118575611	FCC_A1+HCP_A3+FCC_A1	0.4396045637	0	0.5603954363		-23899.06732	8184.018162	58.25649839
550.7211448	0.1681424389	0.8318575611	FCC_A1+HCP_A3+FCC_A1	0.3886956809	0	0.6113043191		-24039.42345	8048.487322	58.26526015
550.7211449	0.1481424389	0.8518575611	FCC_A1+HCP_A3+FCC_A1	0.3377867982	0	0.6622132018		-24179.77958	7912.95648	58.27402191
550.7211447	0.1281424389	0.8718575611	FCC_A1+HCP_A3+FCC_A1	0.2868779154	0	0.7131220846		-24320.1357	7777.425634	58.28278366
550.7211448	0.1081424389	0.8918575611	FCC_A1+HCP_A3+FCC_A1	0.2359690326	0	0.7640309674		-24460.49184	7641.894794	58.29154543
550.7211448	0.08814243886	0.9118575611	FCC_A1+HCP_A3+FCC_A1	0.1850601498	0	0.8149398502		-24600.84796	7506.363952	58.30030719
550.7211448	0.06814243886	0.9318575611	FCC_A1+HCP_A3+FCC_A1	0.134151267	0	0.865848733		-24741.20409	7370.833109	58.30906894
550.7211448	0.04814243886	0.9518575611	FCC_A1+HCP_A3+FCC_A1	0.08324238421	0	0.9167576158		-24881.56022	7235.302267	58.3178307
550.7211448	0.02814243886	0.9718575611	FCC_A1+HCP_A3+FCC_A1	0.03233350141	0	0.9676664986		-25021.91635	7099.771425	58.32659246
550.7211448	0.01814243886	0.9818575611	FCC_A1+HCP_A3+FCC_A1	0.006879060027	0	0.99312094		-25092.09441	7032.006002	58.33097334
550.7211448	0.01564243886	0.9843575611	FCC_A1+HCP_A3+FCC_A1	0.0005154496654	0	0.9994845503		-25109.63893	7015.064648	58.33206856
550.7211448	0.01548618886	0.9845138111	FCC_A1+HCP_A3+FCC_A1	0.0001177240215	0	0.999882276		-25110.73546	7014.005813	58.33213701
550.7211448	0.01544712636	0.9845528736	FCC_A1+HCP_A3+FCC_A1	1.829260937E-05	0	0.9999817074		-25111.00959	7013.741105	58.33215413
550.7211448	0.01544224355	0.9845577565	FCC_A1+HCP_A3+FCC_A1	5.863683284E-06	0	0.9999941363		-25111.04386	7013.708016	58.33215626
550.7211448	0.01543993995	0.9845600601	FCC_A1+HCP_A3+FCC_A1	0	0	1		-25111.06003	7013.692406	58.33215727
										
